90 x 120: 0 0 22 21 20 19 18 17 16 15 14 13 12 11 10 9 10 11 12 13 12 12 12 11 11 11 11 11 10 9 9 10 11 11 11 11 11 10 10 10 10 10 10 11 11 11 10 9 9 9 8 8 8 9 9 10 10 10 10 10 10 10 10 10 10 10 10 10 10 10 10 11 11 11 11 11 10 10 10 11 12 12 13 13 13 0 0 0 0 0 
90 x 119: 22 22 22 21 20 19 18 17 16 15 14 13 12 11 10 9 9 10 11 12 11 11 11 11 12 13 14 15 16 16 16 16 16 17 17 18 18 17 16 15 14 13 12 11 11 11 10 9 8 8 8 8 8 9 9 9 9 9 9 9 9 10 10 10 10 10 10 10 10 10 10 10 10 10 10 10 9 9 10 11 11 11 12 13 12 13 13 13 13 13 
90 x 118: 22 22 22 21 20 19 18 17 16 15 14 13 12 12 11 11 11 10 11 11 11 11 10 10 10 10 10 10 9 9 9 9 10 10 10 10 10 10 10 10 9 9 9 9 10 10 9 8 8 8 8 7 7 8 8 8 8 8 8 8 8 9 9 9 9 9 9 9 9 10 9 9 9 9 9 9 9 9 10 10 10 10 11 12 11 12 12 12 12 12 
90 x 117: 22 22 22 21 20 19 18 17 16 15 14 13 12 11 11 10 9 9 10 11 10 10 10 10 10 11 12 13 14 15 15 15 15 15 16 17 16 15 14 13 12 11 10 9 9 9 8 8 8 7 7 7 7 8 8 8 8 8 8 8 8 8 8 8 8 8 8 8 8 8 8 8 8 8 7 6 7 8 9 9 9 9 10 11 10 11 11 11 11 11 
90 x 116: 22 22 22 21 20 19 18 17 16 15 14 13 12 11 10 9 8 7 6 5 6 7 8 9 10 11 12 13 14 15 16 17 18 19 20 21 22 23 24 25 25 24 24 24 24 25 25 26 27 28 29 30 30 30 29 28 27 26 25 25 25 25 25 24 25 25 24 23 22 21 20 19 18 17 16 15 14 13 12 11 10 9 10 11 10 10 10 10 10 10 
90 x 115: 22 22 22 21 20 19 18 17 16 15 14 13 12 11 10 9 8 7 6 5 6 7 8 9 10 10 10 9 9 8 8 8 9 9 10 10 10 10 11 10 9 8 8 8 8 9 8 8 7 6 6 7 7 7 8 8 8 8 8 8 8 8 8 8 8 7 6 6 7 8 8 7 7 7 6 5 6 7 8 8 8 8 9 10 10 10 10 10 10 10 
90 x 114: 22 22 22 21 20 19 18 17 16 15 14 13 12 11 10 9 8 7 6 5 5 6 7 8 9 10 11 12 13 14 15 16 17 18 19 20 21 22 23 23 24 23 23 24 24 24 24 25 26 27 27 28 28 28 27 26 25 24 23 23 23 23 23 23 23 23 23 23 22 21 20 19 18 17 16 15 14 13 12 11 10 9 10 10 9 10 10 10 10 10 
90 x 113: 22 22 22 21 20 19 18 17 16 15 14 13 12 11 10 9 8 7 6 5 5 5 6 7 8 9 10 11 12 13 14 15 16 17 18 19 20 21 22 23 23 23 23 23 23 24 24 25 26 27 27 27 27 27 27 26 25 24 23 23 23 23 23 23 23 23 23 22 21 20 19 18 17 16 15 14 13 12 11 10 9 9 9 10 9 9 9 9 9 9 
90 x 112: 22 22 22 21 20 19 18 17 16 15 14 13 12 11 10 9 8 7 6 5 5 5 5 6 7 8 8 8 8 8 8 9 10 11 12 13 14 14 13 12 11 10 9 8 8 8 8 7 6 5 5 6 7 7 7 7 7 7 7 8 9 10 11 12 13 14 14 14 14 14 14 14 13 13 13 12 11 10 9 8 7 8 9 9 9 9 9 9 9 9 
90 x 111: 22 22 22 21 20 19 18 17 16 15 14 13 12 11 10 9 8 7 6 5 5 5 5 5 6 7 8 9 10 11 12 13 14 15 16 17 18 19 20 21 22 22 22 22 23 23 23 24 24 25 25 26 27 27 26 25 24 23 22 22 22 22 22 22 22 22 21 21 20 19 18 17 16 15 14 13 12 11 10 9 8 8 9 9 8 9 9 9 9 9 
