90 x 120: 0 0 22 21 20 19 18 17 16 15 14 13 12 11 10 9 10 11 12 13 12 12 12 11 11 11 11 11 10 9 9 10 11 11 11 11 11 10 10 10 10 10 10 11 11 11 10 9 9 9 8 8 8 9 9 10 10 10 10 10 10 10 10 10 10 10 10 10 10 10 10 11 11 11 11 11 10 10 10 11 12 12 13 13 13 0 0 0 0 0 
90 x 119: 22 22 22 21 20 19 18 17 16 15 14 13 12 11 10 9 9 10 11 12 11 11 11 11 12 13 14 15 16 16 16 16 16 17 17 18 18 17 16 15 14 13 12 11 11 11 10 9 8 8 8 8 8 9 9 9 9 9 9 9 9 10 10 10 10 10 10 10 10 10 10 10 10 10 10 10 9 9 10 11 11 11 12 13 12 13 13 13 13 13 
90 x 118: 22 22 22 21 20 19 18 17 16 15 14 13 12 12 11 11 11 10 11 11 11 11 10 10 10 10 10 10 9 9 9 9 10 10 10 10 10 10 10 10 9 9 9 9 10 10 9 8 8 8 8 7 7 8 8 8 8 8 8 8 8 9 9 9 9 9 9 9 9 10 9 9 9 9 9 9 9 9 10 10 10 10 11 12 11 12 12 12 12 12 
90 x 117: 22 22 22 21 20 19 18 17 16 15 14 13 12 11 11 10 9 9 10 11 10 10 10 10 10 11 12 13 14 15 15 15 15 15 16 17 16 15 14 13 12 11 10 9 9 9 8 8 8 7 7 7 7 8 8 8 8 8 8 8 8 8 8 8 8 8 8 8 8 8 8 8 8 8 7 6 7 8 9 9 9 9 10 11 10 11 11 11 11 11 
90 x 116: 22 22 22 21 20 19 18 17 16 15 14 13 12 11 10 9 8 7 6 5 6 7 8 9 10 11 12 13 14 15 16 17 18 19 20 21 22 23 24 25 25 24 24 24 24 25 25 26 27 28 29 30 30 30 29 28 27 26 25 25 25 25 25 24 25 25 24 23 22 21 20 19 18 17 16 15 14 13 12 11 10 9 10 11 10 10 10 10 10 10 
90 x 115: 22 22 22 21 20 19 18 17 16 15 14 13 12 11 10 9 8 7 6 5 6 7 8 9 10 10 10 9 9 8 8 8 9 9 10 10 10 10 11 10 9 8 8 8 8 9 8 8 7 6 6 7 7 7 8 8 8 8 8 8 8 8 8 8 8 7 6 6 7 8 8 7 7 7 6 5 6 7 8 8 8 8 9 10 10 10 10 10 10 10 
90 x 114: 22 22 22 21 20 19 18 17 16 15 14 13 12 11 10 9 8 7 6 5 5 6 7 8 9 10 11 12 13 14 15 16 17 18 19 20 21 22 23 23 24 23 23 24 24 24 24 25 26 27 27 28 28 28 27 26 25 24 23 23 23 23 23 23 23 23 23 23 22 21 20 19 18 17 16 15 14 13 12 11 10 9 10 10 9 10 10 10 10 10 
90 x 113: 22 22 22 21 20 19 18 17 16 15 14 13 12 11 10 9 8 7 6 5 5 5 6 7 8 9 10 11 12 13 14 15 16 17 18 19 20 21 22 23 23 23 23 23 23 24 24 25 26 27 27 27 27 27 27 26 25 24 23 23 23 23 23 23 23 23 23 22 21 20 19 18 17 16 15 14 13 12 11 10 9 9 9 10 9 9 9 9 9 9 
90 x 112: 22 22 22 21 20 19 18 17 16 15 14 13 12 11 10 9 8 7 6 5 5 5 5 6 7 8 8 8 8 8 8 9 10 11 12 13 14 14 13 12 11 10 9 8 8 8 8 7 6 5 5 6 7 7 7 7 7 7 7 8 9 10 11 12 13 14 14 14 14 14 14 14 13 13 13 12 11 10 9 8 7 8 9 9 9 9 9 9 9 9 
90 x 111: 22 22 22 21 20 19 18 17 16 15 14 13 12 11 10 9 8 7 6 5 5 5 5 5 6 7 8 9 10 11 12 13 14 15 16 17 18 19 20 21 22 22 22 22 23 23 23 24 24 25 25 26 27 27 26 25 24 23 22 22 22 22 22 22 22 22 21 21 20 19 18 17 16 15 14 13 12 11 10 9 8 8 9 9 8 9 9 9 9 9 
90 x 110: 22 22 22 21 20 19 18 17 16 15 14 13 12 11 10 9 8 7 6 5 5 5 5 5 5 6 7 8 9 10 11 12 13 14 15 16 17 18 19 20 21 22 22 22 22 22 23 23 24 25 26 27 28 29 30 31 30 31 30 29 28 27 26 25 24 23 22 21 20 19 18 17 16 15 14 13 12 11 10 9 8 7 8 8 7 8 8 8 8 8 
90 x 109: 22 22 22 21 20 19 18 17 16 15 14 13 12 11 10 9 8 7 6 5 5 5 5 5 5 6 7 7 7 7 6 5 5 5 5 5 5 5 5 5 6 6 6 7 7 7 6 5 5 5 5 5 6 6 6 6 6 6 6 6 6 6 7 7 6 6 6 6 6 6 6 6 6 6 6 5 5 5 5 6 6 6 7 8 7 7 7 7 7 7 
90 x 108: 22 22 22 21 20 19 18 17 16 15 14 13 12 11 10 9 8 7 6 5 5 5 5 5 5 5 6 7 7 6 5 5 5 6 7 8 9 10 11 12 12 12 13 13 13 13 13 12 11 11 11 11 11 12 13 12 12 12 12 12 12 12 12 12 12 13 13 12 12 12 12 12 11 10 9 8 7 6 5 5 5 5 5 6 5 7 7 7 7 7 
90 x 107: 22 22 22 21 20 19 18 17 16 15 14 13 12 11 10 9 8 7 6 5 5 5 5 5 5 5 6 6 7 8 9 10 11 12 13 14 15 16 17 18 19 20 20 20 20 20 21 22 23 24 25 26 27 28 28 28 28 28 27 26 25 24 23 22 21 20 19 18 17 16 15 14 13 12 11 10 9 8 7 6 5 5 5 5 5 5 5 5 5 5 
90 x 106: 22 22 22 21 20 19 18 17 16 15 14 13 12 11 10 9 9 9 9 10 11 11 11 11 12 13 14 15 16 17 18 19 20 21 22 23 24 25 26 27 27 27 27 27 27 27 27 28 27 27 26 26 27 28 29 28 28 27 26 25 24 23 22 21 20 19 18 17 16 15 14 13 12 11 10 9 8 7 6 5 5 5 5 5 5 5 5 5 5 5 
90 x 105: 22 22 22 21 20 19 18 17 16 15 14 13 12 11 10 9 8 7 6 5 5 5 5 5 5 5 5 5 6 7 8 9 10 11 12 13 14 15 16 17 18 19 20 20 20 20 21 21 22 23 24 25 26 27 28 28 28 27 26 25 24 23 22 21 20 19 18 17 16 15 14 13 12 11 10 9 8 7 6 5 5 5 5 5 5 5 5 5 5 5 
90 x 104: 22 22 22 21 20 19 18 17 16 15 14 13 12 11 10 9 8 7 6 5 6 7 8 9 10 11 12 13 14 15 16 17 18 19 20 21 22 23 24 25 26 26 25 25 26 27 28 29 30 31 32 31 31 30 29 28 27 26 25 24 23 22 21 20 19 18 17 16 15 14 13 12 11 10 9 8 7 6 5 5 5 5 5 5 5 5 5 5 5 5 
90 x 103: 22 22 22 21 20 19 18 17 16 15 14 13 12 11 10 9 8 7 6 5 5 5 5 5 5 5 5 5 5 5 5 5 5 5 5 5 6 6 6 6 6 6 6 6 6 7 6 5 5 5 5 5 5 5 5 5 5 5 5 5 5 5 5 5 5 5 5 5 5 6 5 5 5 5 6 7 6 5 5 5 5 5 5 5 5 5 5 5 5 5 
90 x 102: 22 22 22 21 20 19 18 17 16 15 14 13 12 11 10 9 8 7 6 5 5 5 6 7 8 9 10 11 12 13 14 15 16 17 18 19 20 21 22 23 24 25 24 24 25 26 27 28 29 30 30 30 30 29 28 27 26 25 24 23 22 21 20 19 18 17 16 15 14 13 12 11 10 9 8 7 6 5 5 5 5 5 5 5 5 5 5 5 5 5 
90 x 101: 22 22 22 21 20 19 18 17 16 15 14 13 12 11 10 9 8 7 6 5 5 5 5 5 6 7 8 9 10 11 10 9 10 11 12 13 13 12 11 10 11 11 12 12 12 12 12 11 10 9 8 7 6 5 5 5 5 5 5 5 5 5 5 5 5 5 5 5 5 5 5 5 5 5 6 6 6 5 5 5 5 5 5 5 5 5 5 5 5 5 
90 x 100: 22 22 22 21 20 19 18 17 16 15 14 13 12 11 10 9 8 7 6 5 5 5 5 6 7 8 9 10 11 12 13 14 15 16 17 18 19 20 21 22 23 24 25 26 27 28 29 30 29 29 29 28 28 28 27 26 25 24 23 22 21 20 19 18 17 16 15 14 13 12 11 10 9 8 7 6 6 5 5 5 5 5 5 5 5 5 5 5 5 5 
90 x 99: 22 22 22 21 20 19 18 17 16 15 14 13 12 11 10 9 8 7 6 5 5 5 5 5 5 5 6 7 7 6 7 8 9 10 11 12 13 14 15 16 17 18 19 20 21 22 23 24 23 22 22 22 23 24 23 22 21 20 19 18 18 18 18 17 16 15 14 13 12 11 10 9 8 7 6 5 5 5 5 5 5 5 5 5 5 5 5 5 5 5 
90 x 98: 22 22 22 21 20 19 18 17 16 15 14 13 12 11 10 9 8 7 6 5 5 5 5 5 6 7 8 9 10 11 12 13 14 15 16 17 18 19 20 21 22 23 24 25 26 27 28 29 28 27 26 26 26 26 25 24 23 22 21 20 19 18 17 16 15 14 13 12 11 10 9 8 7 6 5 5 5 5 5 5 5 5 5 5 5 5 5 5 5 5 
90 x 97: 22 22 22 21 20 19 18 17 16 15 14 13 12 11 10 9 8 7 6 5 5 5 5 5 6 7 8 9 10 11 12 13 14 15 16 17 18 19 20 21 22 23 24 25 26 27 28 29 30 31 30 29 28 27 26 25 24 23 22 21 20 19 18 17 16 15 14 13 12 11 10 9 8 7 6 5 5 5 5 5 5 5 5 5 5 5 5 5 5 5 
90 x 96: 22 22 22 21 20 19 18 17 16 15 14 13 12 11 10 9 8 7 6 5 5 5 5 5 5 6 7 8 9 10 11 12 13 14 15 16 17 18 19 20 21 22 23 24 25 26 27 26 25 24 23 22 23 24 23 22 21 20 19 18 18 17 16 15 14 13 12 11 10 9 8 7 6 5 5 5 5 5 5 5 5 5 5 5 5 5 5 5 5 5 
90 x 95: 22 22 22 21 20 19 18 17 16 15 14 13 12 11 10 9 8 7 6 5 5 5 5 5 5 5 6 7 8 9 10 11 12 13 14 15 16 17 18 19 20 21 22 23 24 25 26 26 25 24 23 24 24 24 23 22 21 20 19 18 18 17 16 15 14 13 12 11 10 9 8 7 6 5 5 5 5 5 5 5 5 5 5 5 5 5 5 5 5 5 
90 x 94: 22 22 22 21 20 19 18 17 16 15 14 13 12 11 10 9 8 7 6 5 5 5 5 5 5 5 5 6 7 8 9 10 11 12 13 14 15 16 17 18 19 20 21 22 23 24 25 25 24 23 22 23 23 23 22 21 20 19 18 18 17 16 15 14 13 12 11 10 9 8 7 6 5 5 5 5 5 5 5 5 5 5 5 5 5 5 5 5 5 5 
90 x 93: 22 22 22 21 20 19 18 17 16 15 14 13 12 11 10 9 8 7 6 5 5 5 5 5 5 5 5 6 7 8 9 10 11 12 13 14 15 16 17 18 19 20 21 22 23 24 25 26 27 28 27 26 25 24 23 22 21 20 19 18 17 16 15 14 13 12 12 11 10 9 8 7 6 5 5 5 5 5 5 5 5 5 5 5 5 5 5 5 5 5 
90 x 92: 22 22 22 21 20 19 18 17 16 15 14 13 12 11 10 9 8 7 6 5 5 5 5 5 5 5 5 5 5 6 7 8 9 10 11 12 13 14 15 16 17 18 19 20 21 22 23 24 23 22 22 22 22 22 21 20 19 18 18 17 16 15 14 13 12 11 11 11 10 9 8 7 6 5 5 5 5 5 5 5 5 5 5 5 5 5 5 5 5 5 
90 x 91: 22 22 22 21 20 19 18 17 16 15 14 13 12 11 10 9 8 7 6 5 5 5 5 5 5 5 5 5 5 5 5 5 5 5 5 5 6 7 8 9 10 11 12 12 12 11 10 9 8 7 6 5 5 6 7 8 9 10 11 10 10 9 9 10 10 11 11 10 9 8 7 6 5 5 5 5 5 5 5 5 5 5 5 5 5 5 5 5 5 5 
90 x 90: 22 22 22 21 20 19 18 17 16 15 14 13 12 11 10 9 8 7 6 5 5 5 5 5 5 5 5 5 5 5 6 7 8 9 10 11 12 13 14 15 16 17 18 19 20 21 22 23 24 25 25 24 23 22 21 20 19 18 17 16 15 14 13 12 11 10 10 10 9 8 7 6 5 5 5 5 5 5 5 5 5 5 5 5 5 5 5 5 5 5 
90 x 89: 22 22 22 21 20 19 18 17 16 15 14 13 12 11 10 9 8 7 6 5 5 5 5 5 5 5 5 5 5 5 6 7 8 9 10 11 12 13 14 15 16 17 18 19 20 21 22 23 24 25 24 23 22 21 20 19 18 17 16 15 14 13 12 11 10 9 9 9 8 7 6 5 5 5 5 5 5 5 5 5 5 5 5 5 5 5 5 5 5 5 
90 x 88: 22 22 22 21 20 19 18 17 16 15 14 13 12 11 10 9 8 7 6 5 5 5 5 5 5 5 5 5 5 5 5 5 5 6 7 8 9 10 11 12 13 14 15 16 17 17 16 15 14 13 13 13 12 11 11 10 10 10 10 10 9 8 7 6 5 5 5 6 7 7 6 5 5 5 5 5 5 5 5 5 5 5 5 5 5 5 5 5 5 5 
90 x 87: 22 22 22 21 20 19 18 17 16 15 14 13 12 11 10 9 8 7 6 5 5 5 5 5 5 5 5 5 5 5 5 5 5 5 5 5 5 5 5 6 5 5 5 5 5 6 5 5 5 5 5 5 5 5 5 5 5 5 5 5 5 5 5 5 5 5 5 6 6 6 5 5 5 5 5 5 5 5 5 5 5 5 5 5 5 5 5 5 5 5 
90 x 86: 22 22 22 21 20 19 18 17 16 15 14 13 12 11 10 9 8 7 6 5 5 5 5 5 5 5 5 5 5 5 5 5 5 6 7 8 9 10 11 12 13 14 15 16 17 18 19 20 21 22 21 20 19 18 17 16 15 14 13 12 11 10 9 8 7 6 5 5 5 5 5 5 5 5 5 5 5 5 5 5 5 5 5 5 5 5 5 5 5 5 
90 x 85: 22 22 22 21 20 19 18 17 16 15 14 13 12 11 10 9 8 7 6 5 5 5 5 5 5 5 5 5 5 5 5 5 5 6 7 8 9 10 11 12 13 14 15 16 17 18 19 20 21 21 20 19 18 17 16 15 14 13 12 11 10 9 8 7 6 5 5 5 5 5 5 5 5 5 5 5 5 5 5 5 5 5 5 5 5 5 5 5 5 5 
90 x 84: 22 22 22 21 20 19 18 17 16 15 14 13 12 11 10 9 8 7 6 5 5 5 5 5 5 5 5 5 5 5 5 5 5 6 7 8 9 10 11 12 13 14 15 16 17 18 19 20 21 21 20 19 18 17 16 15 14 13 12 11 10 9 8 7 6 5 5 5 5 5 5 5 5 5 5 5 5 5 5 5 5 5 5 5 5 5 5 5 5 5 
90 x 83: 22 22 22 21 20 19 18 17 16 15 14 13 12 11 10 9 8 7 6 5 5 5 5 5 5 5 5 5 5 5 5 5 5 6 7 8 9 10 11 12 13 14 15 16 17 18 19 20 21 20 19 18 17 16 15 14 13 12 11 10 9 8 7 6 5 5 5 5 5 5 5 5 5 5 5 5 5 5 5 5 5 5 5 5 5 5 5 5 5 5 
90 x 82: 22 22 22 21 20 19 18 17 16 15 14 13 12 11 10 9 8 7 6 5 5 5 5 5 5 5 5 5 5 5 5 5 6 7 8 9 10 11 12 13 14 15 16 17 18 19 20 21 22 21 20 19 18 17 16 15 14 13 12 11 10 9 8 7 6 5 5 5 5 5 5 5 5 5 5 5 5 5 5 5 5 5 5 5 5 5 5 5 5 5 
90 x 81: 22 22 22 21 20 19 18 17 16 15 14 13 12 11 10 9 8 7 6 5 5 5 5 5 5 5 5 5 5 5 5 5 6 7 8 9 10 11 12 13 14 15 16 17 18 19 20 21 22 21 20 19 18 17 16 15 14 13 12 11 10 9 8 7 6 5 5 5 5 5 5 5 5 5 5 5 5 5 5 5 5 5 5 5 5 5 5 5 5 5 
90 x 80: 22 22 22 21 20 19 18 17 16 15 14 13 12 11 10 9 8 7 6 5 5 5 5 5 5 5 5 5 5 5 5 5 5 6 7 8 9 10 11 12 13 14 15 16 17 18 19 20 21 20 19 18 17 16 15 14 13 12 11 10 9 8 7 6 5 5 5 5 5 5 5 5 5 5 5 5 5 5 5 5 5 5 5 5 5 5 5 5 5 5 
90 x 79: 22 22 22 21 20 19 18 17 16 15 14 13 12 11 10 9 8 7 6 5 5 5 5 5 5 5 5 5 5 5 5 5 5 5 5 5 5 6 6 6 6 6 5 5 5 5 5 5 5 5 5 5 6 7 8 9 8 8 7 6 5 5 5 5 5 5 5 5 5 5 5 5 5 5 5 5 5 5 5 5 5 5 5 5 5 5 5 5 5 5 
90 x 78: 22 22 22 21 20 19 18 17 16 15 14 13 12 11 10 9 8 7 6 5 5 5 5 5 5 5 5 5 5 5 5 5 5 5 6 7 8 9 10 11 12 13 14 15 16 17 18 19 20 19 18 17 16 15 14 13 12 11 10 9 8 7 6 5 5 5 5 5 5 5 5 5 5 5 5 5 5 5 5 5 5 5 5 5 5 5 5 5 5 5 
90 x 77: 22 22 22 21 20 19 18 17 16 15 14 13 12 11 10 9 8 7 6 5 5 5 5 5 5 5 5 5 5 5 5 5 5 5 5 5 5 6 7 8 9 10 11 11 10 9 8 7 6 5 5 5 5 5 5 5 5 5 5 5 5 5 5 5 5 5 5 5 5 5 5 5 5 5 5 5 5 5 5 5 5 5 5 5 5 5 5 5 5 5 
90 x 76: 22 22 22 21 20 19 18 17 16 15 14 13 12 11 10 9 8 7 6 5 5 5 5 5 5 5 5 5 5 5 5 5 5 5 5 5 5 6 7 8 9 10 11 11 10 9 8 7 6 5 5 5 5 5 5 5 5 5 5 5 5 5 5 5 5 5 5 5 5 5 5 5 5 5 5 5 5 5 5 5 5 5 5 5 5 5 5 5 5 5 
90 x 75: 22 22 22 21 20 19 18 17 16 15 14 13 12 11 10 9 8 7 6 5 5 5 5 5 5 5 5 5 5 5 5 5 5 5 5 5 6 7 8 9 10 11 12 13 14 15 16 17 18 17 16 15 14 13 12 11 10 9 8 7 6 5 5 5 5 5 5 5 5 5 5 5 5 5 5 5 5 5 5 5 5 5 5 5 5 5 5 5 5 5 
90 x 74: 22 22 22 21 20 19 18 17 16 15 14 13 12 11 10 9 8 7 6 5 5 5 5 5 5 5 5 5 5 5 5 5 5 5 5 5 6 7 8 9 10 11 12 13 14 15 16 17 18 17 16 15 14 13 12 11 10 9 8 7 6 5 5 5 5 5 5 5 5 5 5 5 5 5 5 5 5 5 5 5 5 5 5 5 5 5 5 5 5 5 
90 x 73: 22 22 22 21 20 19 18 17 16 15 14 13 12 11 10 9 8 7 6 5 5 5 5 5 5 5 5 5 5 5 5 5 5 5 5 5 6 7 8 9 10 11 12 13 14 15 16 17 18 17 16 15 14 13 12 11 10 9 8 7 6 5 5 5 5 5 5 5 5 5 5 5 5 5 5 5 5 5 5 5 5 5 5 5 5 5 5 5 5 5 
90 x 72: 22 22 22 21 20 19 18 17 16 15 14 13 12 11 10 9 8 7 6 5 5 5 5 5 5 5 5 5 5 5 5 5 5 5 5 5 5 6 7 8 9 10 11 12 13 14 15 16 17 16 15 14 13 12 11 10 9 8 7 6 5 5 5 5 5 5 5 5 5 5 5 5 5 5 5 5 5 5 5 5 5 5 5 5 5 5 5 5 5 5 
90 x 71: 22 22 22 21 20 19 18 17 16 15 14 13 12 11 10 9 8 7 6 5 5 5 5 5 5 5 5 5 5 5 5 5 5 5 5 5 5 6 7 8 9 10 11 12 13 14 15 16 17 16 15 14 13 12 11 10 9 8 7 6 5 5 5 5 5 5 5 5 5 5 5 5 5 5 5 5 5 5 5 5 5 5 5 5 5 5 5 5 5 5 
